5 0.484111 0.774226 0.197518 0.367677
7 0.656625 0.409878 0.207386 0.558179
6 0.182406 0.447945 0.311398 0.602777
7 0.67306 0.41476 0.297748 0.552706
5 0.483852 0.773877 0.198905 0.368012
7 0.661746 0.406164 0.232458 0.573105
6 0.171438 0.448214 0.31747 0.602497
4 0.708128 0.515415 0.53162 0.92289
5 0.484949 0.774714 0.198875 0.369824
7 0.662446 0.404973 0.231924 0.575216
1 0.515116 0.216996 0.286403 0.433992
1 0.477397 0.354729 0.26122 0.451311
7 0.66406 0.411352 0.257618 0.560039
6 0.175246 0.446471 0.313574 0.607094
5 0.485049 0.77431 0.203855 0.368088
